%YAML:1.0
R: !!opencv-matrix
   rows: 3
   cols: 3
   dt: d
   data: [ 9.9986250364447160e-01, -1.5455544487563238e-02,
       6.0083234268781312e-03, 1.5643496030393392e-02,
       9.9934583045941694e-01, -3.2606627782175414e-02,
       -5.5004397784254623e-03, 3.2696135673366981e-02,
       9.9945020279865504e-01 ]
T: !!opencv-matrix
   rows: 3
   cols: 1
   dt: d
   data: [ -2.2695295409989819e-01, -1.7703601468403819e-02,
       5.3478120820591432e-02 ]
R1: !!opencv-matrix
   rows: 3
   cols: 3
   dt: d
   data: [ 9.7285842021388180e-01, 5.3180939421536073e-02,
       -2.2520719771178085e-01, -5.6670397144162492e-02,
       9.9835188923105866e-01, -9.0538034161752150e-03,
       2.2435454153297887e-01, 2.1570650222437808e-02,
       9.7426882673239013e-01 ]
R2: !!opencv-matrix
   rows: 3
   cols: 3
   dt: d
   data: [ 9.7054959766962412e-01, 7.5708304175232499e-02,
       -2.2869571736751312e-01, -7.2147075388510090e-02,
       9.9710748869957888e-01, 2.3905135266376561e-02,
       2.2984402967276660e-01, -6.7013922530763416e-03,
       9.7320440471961223e-01 ]
P1: !!opencv-matrix
   rows: 3
   cols: 4
   dt: d
   data: [ 2.0272082905877892e+03, 0., 5.5548885917663574e+02, 0., 0.,
       2.0272082905877892e+03, 2.5310775756835938e+02, 0., 0., 0., 1.,
       0. ]
P2: !!opencv-matrix
   rows: 3
   cols: 4
   dt: d
   data: [ 2.0272082905877892e+03, 0., 5.2254542541503906e+02,
       -4.7404162675395349e+02, 0., 2.0272082905877892e+03,
       2.5310775756835938e+02, 0., 0., 0., 1., 0. ]
Q: !!opencv-matrix
   rows: 4
   cols: 4
   dt: d
   data: [ 1., 0., 0., -5.5548885917663574e+02, 0., 1., 0.,
       -2.5310775756835938e+02, 0., 0., 0., 2.0272082905877892e+03, 0.,
       0., 4.2764351824317552e+00, -1.4088045916820215e+02 ]
